0345349571
0375423729
0385523904
0684813785
1400044111
0394720245
0199291152
1594200823
0143034669
0195178033
1439107955
067002337X
0465070477
0767900561
0674485262
0671799320
0060845503
0812968581
0471678783
8125931864
0679756604
0195140494
037541486X
1594202834
0670920541
0749386061
033043909X
0385720742
0330491172
0349104522
0670022705
0393073718
0805073698
019516895X
0394746236
0684831309
0465026567
159420411X
1299284272
046502307X
0691058873
0374227349
0132017997
0670024899
0201914654
052138673X
019566714X
0618001905
0140047522
0143034693
0679444327
0465067107
0753817586
0446546933
0393307050
0618680004
014024364X
1416522913
0060838655
0553296981
0375831002
0446675539
0142437174
0739326228
0141439602
0140449264
0143035002
0142437204
1594480001
038549081X
0061120669
0743223136
0140440399
0140284583
0743270754
0684853949
0440184622
0674052463
039573097X
0312263821
1910701874
1476733503
1408701960
014144116X
0140183523
1400069289
0060748125
938306465X
0143031031
0137081073
0670026190
1594202664
1631492225
0385340761
0195325419
1400052173
0008145458
1408839970
0297852663
0300120788
0192833596
0141439742
0140439447
046503022X
0674728645
0300120486
0679760806
0380710811
1400078970
0385513119
0140259848
0517223120
0805098542
0871404699
0345404475
0340837942
110187094X
0525954821
1627790365
0307908798
0060555661
0143037757
0375423222
1439131333
038535438X
0393351599
0805066691
0553447432
0399159215
0743202414
140006855X
125004894X
0307265439
034580774X
0060512806
0465094775
0743464117
0226458083
0804137285
0450837319
0140120831
067088703X
0316023744
185326685X
0671890913
1594202060
0140277447
055380538X
0805062882
159420182X
0375700455
0316734918
0674019997
1620972255
0805068848
0465071007
0465020836
074320011X
1567310125
0140278257
0807055018
1594205078
1524731595
0451485076
0399563822
1594205582
0300112548
1627791647
0393963047
0262035774
0385538227
0670089818
034548083X
0804136696
0679456724
0465072925
0143122010
0393246310
0060536357
1610397215
0190870230
0307958043
087140866X
0195170342
080509525X
0393608980
0304356875
0316921173
0316952664
0553266306
0345438310
0306812983
0465096050
006175952X
0062433970
0760762899
